10
0.0 0.0 0.0 0.0 1.989e30 696.340e6 255 255 0
57.909e9 0 0 47.36e3 0.33011e24 2439.7e3 128 128 128
108.209e9 0.0 0.0 35.02e3 4.8675e24 6051.8e3 255 165 0
149.596e9 0.0 0.0 29.78e3 5.9724e24 6371e3 0 0 255
149.980400e9 0 0 30.80e3 7.342e22 1737.4e3 128 128 128
227.923e9 0.0 0.0 24.07e3 0.64171e24 3389.5e3 255 0 0
778.570e9 0.0 0.0 13e3 1898.19e24 69911e3 200 173 127
1433.529e9 0.0 0.0 9.68e3 568.34e24 58232e3 227 192 141
2872.463e9 0.0 0.0 6.80e3 86.813e24 25362e3 225 238 238
4495.060e9 0.0 0.0 5.43e3 102.413e24 24622e3 91 93 223